76
128
1 15 15
2 45 15
3 45 45
4 15 45
5 435 15
6 465 15
7 465 45
8 435 45
9 555 15
10 585 15
11 585 45
12 555 45
13 645 15
14 675 15
15 675 45
16 645 45
17 15 105
18 45 105
19 45 135
20 15 135
21 165 105
22 195 105
23 195 135
24 165 135
25 315 105
26 345 105
27 345 135
28 315 135
29 435 105
30 465 105
31 465 135
32 435 135
33 555 190
34 585 190
35 585 220
36 555 220
37 15 215
38 45 215
39 45 245
40 15 245
41 165 215
42 195 215
43 195 245
44 165 245
45 255 215
46 285 215
47 285 245
48 255 245
49 315 215
50 345 215
51 345 245
52 315 245
53 435 215
54 465 215
55 465 245
56 435 245
57 15 305
58 45 305
59 45 335
60 15 335
61 255 305
62 285 305
63 285 335
64 255 335
65 435 305
66 465 305
67 465 335
68 435 335
69 555 305
70 585 305
71 585 335
72 555 335
73 645 305
74 675 305
75 675 335
76 645 335
1 2 1
2 3 1
3 4 1
4 1 1
5 6 1
6 7 1
7 8 1
8 5 1
9 10 1
10 11 1
11 12 1
12 9 1
13 14 1
14 15 1
15 16 1
16 13 1
17 18 1
18 19 1
19 20 1
20 17 1
21 22 1
22 23 1
23 24 1
24 21 1
25 26 1
26 27 1
27 28 1
28 25 1
29 30 1
30 31 1
31 32 1
32 29 1
33 34 1
34 35 1
35 36 1
36 33 1
37 38 1
38 39 1
39 40 1
40 37 1
41 42 1
42 43 1
43 44 1
44 41 1
45 46 1
46 47 1
47 48 1
48 45 1
49 50 1
50 51 1
51 52 1
52 49 1
53 54 1
54 55 1
55 56 1
56 53 1
57 58 1
58 59 1
59 60 1
60 57 1
61 62 1
62 63 1
63 64 1
64 61 1
65 66 1
66 67 1
67 68 1
68 65 1
69 70 1
70 71 1
71 72 1
72 69 1
73 74 1
74 75 1
75 76 1
76 73 1
2 5 1
3 18 1
7 30 1
8 3 1
10 13 1
11 34 1
15 74 1
16 11 1
17 4 1
18 21 1
19 38 1
22 25 1 
23 42 1
24 19 1
26 29 1
27 50 1
28 23 1
29 8 1
30 33 1
31 54 1
32 27 1
33 12 1
35 70 1
36 31 1
37 20 1
38 41 1
39 58 1
41 24 1
42 45 1
44 39 1
46 49 1
47 62 1
48 43 1
49 28 1
50 53 1
52 47 1
53 32 1
55 66 1 
56 51 1
57 40 1
58 61 1
61 48 1
62 65 1
64 59 1
65 56 1
66 69 1
68 63 1
69 36 1
70 73 1
72 67 1
73 16 1
76 71 1
