72
124
1 18 21
2 41 21
3 41 44
4 18 44
5 251 21
6 274 21
7 274 44
8 251 44
9 368 21
10 391 21
11 391 44
12 368 44
13 659 21
14 682 21
15 682 44
16 659 44
17 18 116
18 41 116
19 41 139
20 18 139
21 135 116
22 158 116
23 158 139
24 135 139
25 251 116
26 274 116
27 274 139
28 251 139
29 368 116
30 391 116
31 391 139
32 368 139
33 659 116
34 682 116
35 682 139
36 659 139
37 18 211
38 41 211
39 41 234
40 18 234
41 135 211
42 158 211
43 158 234
44 135 234
45 193 211
46 216 211
47 216 234
48 193 234
49 368 211
50 391 211
51 391 234
52 368 234
53 659 211
54 682 211
55 682 234
56 659 234
57 18 306
58 41 306
59 41 329
60 18 329
61 253 306
62 276 306
63 276 329
64 253 329
65 368 306
66 391 306
67 391 329
68 368 329
69 659 306
70 682 306
71 682 329
72 659 329
1 2 1
2 3 1
3 4 1
4 1 1
5 6 1
6 7 1
7 8 1
8 5 1
9 10 1
10 11 1
11 12 1
12 9 1
13 14 1
14 15 1
15 16 1
16 13 1
17 18 1
18 19 1
19 20 1
20 17 1
21 22 1
22 23 1
23 24 1
24 21 1
25 26 1
26 27 1
27 28 1
28 25 1
29 30 1
30 31 1
31 32 1
32 29 1
33 34 1
34 35 1
35 36 1
36 33 1
37 38 1
38 39 1
39 40 1
40 37 1
41 42 1
42 43 1
43 44 1
44 41 1
45 46 1
46 47 1
47 48 1
48 45 1
49 50 1
50 51 1
51 52 1
52 49 1
53 54 1
54 55 1
55 56 1
56 53 1
57 58 1
58 59 1
59 60 1
60 57 1
61 62 1
62 63 1
63 64 1
64 61 1
65 66 1
66 67 1
67 68 1
68 65 1
69 70 1
70 71 1
71 72 1
72 69 1
2 5 1
6 9 1
10 13 1
16 11 1
12 7 1
8 3 1
3 18 1
17 4 1
7 26 1
25 8 1
11 30 1
29 12 1
15 34 1
33 16 1
18 21 1
22 25 1
26 29 1
30 33 1
24 19 1
28 23 1
32 27 1
36 31 1
23 42 1
41 24 1
31 50 1
49 32 1
35 54 1
53 36 1
38 41 1
42 45 1
46 49 1
50 53 1
56 51 1
52 47 1
48 43 1
44 39 1
39 58 1
57 40 1
47 62 1
61 48 1
51 66 1 
65 52 1
55 70 1
69 56 1
58 61 1
62 65 1
66 69 1
72 67 1
68 63 1
64 59 1
19 38 1
37 20 1
